<html>
<head><meta charset="utf-8" /></head>
<body>
    <div>                        <script type="text/javascript">window.PlotlyConfig = {MathJaxConfig: 'local'};</script>
        <script charset="utf-8" src="https://cdn.plot.ly/plotly-2.35.2.min.js"></script>                <div id="301774dd-f0be-4abe-9fd9-81cb716625ef" class="plotly-graph-div" style="height:900px; width:950px;"></div>            <script type="text/javascript">                                    window.PLOTLYENV=window.PLOTLYENV || {};                                    if (document.getElementById("301774dd-f0be-4abe-9fd9-81cb716625ef")) {                    Plotly.newPlot(                        "301774dd-f0be-4abe-9fd9-81cb716625ef",                        [{"colorbar":{"title":{"text":"Pearson r"}},"colorscale":[[0.0,"rgb(103,0,31)"],[0.1,"rgb(178,24,43)"],[0.2,"rgb(214,96,77)"],[0.3,"rgb(244,165,130)"],[0.4,"rgb(253,219,199)"],[0.5,"rgb(247,247,247)"],[0.6,"rgb(209,229,240)"],[0.7,"rgb(146,197,222)"],[0.8,"rgb(67,147,195)"],[0.9,"rgb(33,102,172)"],[1.0,"rgb(5,48,97)"]],"reversescale":true,"visible":true,"x":["FALL","LACERATION","MOTOR VEHICLE CRASH","CLOSED HEAD INJURY","TRAUMA","FINGER INJURY","ASSAULT VICTIM","ANKLE INJURY","WOUND CHECK","ARM INJURY","HAND INJURY","EXTREMITY LACERATION","FOOT INJURY","WRIST INJURY","SHOULDER INJURY"],"y":["FALL","LACERATION","MOTOR VEHICLE CRASH","CLOSED HEAD INJURY","TRAUMA","FINGER INJURY","ASSAULT VICTIM","ANKLE INJURY","WOUND CHECK","ARM INJURY","HAND INJURY","EXTREMITY LACERATION","FOOT INJURY","WRIST INJURY","SHOULDER INJURY"],"z":[[1.0,0.11176137176086835,-0.12184622229317765,-0.24868047863696685,-0.48840108833156226,-0.5293030979283305,-0.26677744718169644,-0.37278716156847613,0.3490685121780317,-0.4940183450184039,-0.44234627280085814,-0.5919141250291499,-0.5435066873191271,-0.4392630356888985,-0.1538327152745644],[0.11176137176086835,1.0,-0.3637128879299983,-0.12403740120688735,0.32892660934236256,-0.1829792645908185,-0.10819789825876316,-0.5270319941847282,0.348416717285668,-0.2005582635428545,-0.2528459037700505,-0.43849472304085213,-0.24988484945788078,-0.30157833010422186,-0.05308492291759496],[-0.12184622229317765,-0.3637128879299983,1.0,-0.0478156668685363,-0.24028050687461233,0.047256398288883866,-0.007453944374165087,-0.04142130598660759,-0.2679722615578443,0.05628618796279493,0.049442549792266345,0.021975280048806053,0.07592984625925207,-0.057235286690228176,0.15617844022901511],[-0.24868047863696685,-0.12403740120688735,-0.0478156668685363,1.0,-0.09438459468025708,0.14303261784809423,-0.22539016625727432,0.201027927817557,-0.30754761014872284,-0.17103579944968653,0.03687003368604522,0.3484839812078328,-0.032807069190995894,0.1775598371015236,0.02180430136473457],[-0.48840108833156226,0.32892660934236256,-0.24028050687461233,-0.09438459468025708,1.0,0.1891343383213263,0.053617148028767506,-0.2071657331053094,-0.058626311298011526,0.04176087945178137,0.06946672036378478,0.04768527691197913,0.11020875426341656,-0.052379496069740315,-0.09714822472167431],[-0.5293030979283305,-0.1829792645908185,0.047256398288883866,0.14303261784809423,0.1891343383213263,1.0,0.16824391817691048,0.18421187499706992,-0.3495902061412804,0.2746418995859425,0.14524285906084786,0.3184864626790811,0.3043924263223556,0.3079675678887805,-0.02773065318408917],[-0.26677744718169644,-0.10819789825876316,-0.007453944374165087,-0.22539016625727432,0.053617148028767506,0.16824391817691048,1.0,0.008791860369440426,-0.08198128891906814,0.2742450729696034,0.13020896008250846,0.0807181565841539,0.08724318801269915,0.22036319020571335,0.03048095738519096],[-0.37278716156847613,-0.5270319941847282,-0.04142130598660759,0.201027927817557,-0.2071657331053094,0.18421187499706992,0.008791860369440426,1.0,-0.3400023356538486,0.26687294364228914,0.3119179230837489,0.5654320536953985,0.34379957761797253,0.4186517429874049,0.09561508565574314],[0.3490685121780317,0.348416717285668,-0.2679722615578443,-0.30754761014872284,-0.058626311298011526,-0.3495902061412804,-0.08198128891906814,-0.3400023356538486,1.0,-0.06987657755833022,-0.3570021335022082,-0.5774597883066998,-0.2291579472313883,-0.43869663736508846,-0.18973285044692137],[-0.4940183450184039,-0.2005582635428545,0.05628618796279493,-0.17103579944968653,0.04176087945178137,0.2746418995859425,0.2742450729696034,0.26687294364228914,-0.06987657755833022,1.0,0.23792988684268412,0.28746644564888485,0.400856841015742,0.2635146125513962,-0.03179327433008545],[-0.44234627280085814,-0.2528459037700505,0.049442549792266345,0.03687003368604522,0.06946672036378478,0.14524285906084786,0.13020896008250846,0.3119179230837489,-0.3570021335022082,0.23792988684268412,1.0,0.3508397767501767,0.26882648698829986,0.272411958996894,0.0964836265235503],[-0.5919141250291499,-0.43849472304085213,0.021975280048806053,0.3484839812078328,0.04768527691197913,0.3184864626790811,0.0807181565841539,0.5654320536953985,-0.5774597883066998,0.28746644564888485,0.3508397767501767,1.0,0.4031605720339984,0.44904360052716263,0.02944447594516207],[-0.5435066873191271,-0.24988484945788078,0.07592984625925207,-0.032807069190995894,0.11020875426341656,0.3043924263223556,0.08724318801269915,0.34379957761797253,-0.2291579472313883,0.400856841015742,0.26882648698829986,0.4031605720339984,1.0,0.32073744346491895,0.026920609648913827],[-0.4392630356888985,-0.30157833010422186,-0.057235286690228176,0.1775598371015236,-0.052379496069740315,0.3079675678887805,0.22036319020571335,0.4186517429874049,-0.43869663736508846,0.2635146125513962,0.272411958996894,0.44904360052716263,0.32073744346491895,1.0,0.1914133393743384],[-0.1538327152745644,-0.05308492291759496,0.15617844022901511,0.02180430136473457,-0.09714822472167431,-0.02773065318408917,0.03048095738519096,0.09561508565574314,-0.18973285044692137,-0.03179327433008545,0.0964836265235503,0.02944447594516207,0.026920609648913827,0.1914133393743384,1.0]],"zmax":1,"zmin":-1,"type":"heatmap"},{"colorscale":[[0.0,"rgb(103,0,31)"],[0.1,"rgb(178,24,43)"],[0.2,"rgb(214,96,77)"],[0.3,"rgb(244,165,130)"],[0.4,"rgb(253,219,199)"],[0.5,"rgb(247,247,247)"],[0.6,"rgb(209,229,240)"],[0.7,"rgb(146,197,222)"],[0.8,"rgb(67,147,195)"],[0.9,"rgb(33,102,172)"],[1.0,"rgb(5,48,97)"]],"reversescale":true,"visible":false,"x":["FALL","LACERATION","MOTOR VEHICLE CRASH","CLOSED HEAD INJURY","TRAUMA","FINGER INJURY","ASSAULT VICTIM","ANKLE INJURY","WOUND CHECK","ARM INJURY","HAND INJURY","EXTREMITY LACERATION","FOOT INJURY","WRIST INJURY","SHOULDER INJURY"],"y":["FALL","LACERATION","MOTOR VEHICLE CRASH","CLOSED HEAD INJURY","TRAUMA","FINGER INJURY","ASSAULT VICTIM","ANKLE INJURY","WOUND CHECK","ARM INJURY","HAND INJURY","EXTREMITY LACERATION","FOOT INJURY","WRIST INJURY","SHOULDER INJURY"],"z":[[1.0,-0.3554490143067191,0.2129874171765569,-0.1731992658142077,-0.707054164146106,-0.1563526732820984,-0.31438534312177147,-0.2287065076854705,-0.28912599941903405,-0.4555102642387918,-0.3209366327664028,-0.48541486284768376,-0.4859456138105251,-0.069258661205327,-0.03816938667297639],[-0.3554490143067191,1.0,-0.3536185988338754,-0.0033637576186416112,0.3347674846231852,0.02044008635925957,0.1179689021441649,-0.1247835740858915,0.14290015527070235,-0.14145153682612982,0.03900849366717855,0.03811181778315018,-0.007642263616042005,-0.16149187214803304,-0.3329037739829107],[0.2129874171765569,-0.3536185988338754,1.0,-0.20478580953548445,-0.4206862140526027,-0.30622282980764814,-0.30464652122617575,-0.1929302501345015,0.03482759674869806,-0.29409456147338503,-0.245346123557462,-0.04634015309439684,-0.11676231598949367,0.07825501560825569,0.052427550067185955],[-0.1731992658142077,-0.0033637576186416112,-0.20478580953548445,1.0,-0.06359508551640744,-0.09138352438021123,-0.013693062435450215,0.2254487052907052,-0.11543620130773319,-0.06656975179624776,-0.02129832114442368,0.05349122951767116,0.09501594269075733,0.08416077511553788,0.12156973731908027],[-0.707054164146106,0.3347674846231852,-0.4206862140526027,-0.06359508551640744,1.0,0.0922694094330286,0.30666814913732443,0.12652274157380525,0.036814024228562156,0.43160833759676137,0.2841171046542001,0.3126746454099624,0.22331060024575944,-0.12315585996111314,-0.1764003321438279],[-0.1563526732820984,0.02044008635925957,-0.30622282980764814,-0.09138352438021123,0.0922694094330286,1.0,0.16432078799591865,0.07802887642426815,-0.009447393486733442,0.1666234798930131,0.07945137486550925,-0.19877182333828772,0.1006985769151623,-0.14827509347164447,-0.007598480069109451],[-0.31438534312177147,0.1179689021441649,-0.30464652122617575,-0.013693062435450215,0.30666814913732443,0.16432078799591865,1.0,-0.03815287257064809,-0.1408560945628178,0.3224390127375924,0.00861155798289416,0.13179515501219122,0.08680902210858295,-0.07329874986253478,-0.10390799499805503],[-0.2287065076854705,-0.1247835740858915,-0.1929302501345015,0.2254487052907052,0.12652274157380525,0.07802887642426815,-0.03815287257064809,1.0,-0.08846583278759117,0.03686024769235603,-0.0690503107304555,0.1125334831254654,0.04085367069512801,-0.03758883908267051,0.16211054824702384],[-0.28912599941903405,0.14290015527070235,0.03482759674869806,-0.11543620130773319,0.036814024228562156,-0.009447393486733442,-0.1408560945628178,-0.08846583278759117,1.0,-0.001294438659027138,0.13950988430312922,0.10005405321134338,0.10278928506413891,-0.03893673682972325,-0.05682961224059703],[-0.4555102642387918,-0.14145153682612982,-0.29409456147338503,-0.06656975179624776,0.43160833759676137,0.1666234798930131,0.3224390127375924,0.03686024769235603,-0.001294438659027138,1.0,0.22773082600970213,0.1384662263520081,0.3613962960673522,0.03016506228960679,0.02678374013432118],[-0.3209366327664028,0.03900849366717855,-0.245346123557462,-0.02129832114442368,0.2841171046542001,0.07945137486550925,0.00861155798289416,-0.0690503107304555,0.13950988430312922,0.22773082600970213,1.0,0.10179479742913582,0.2778949607442954,-0.1623689825683296,-0.16295362332583543],[-0.48541486284768376,0.03811181778315018,-0.04634015309439684,0.05349122951767116,0.3126746454099624,-0.19877182333828772,0.13179515501219122,0.1125334831254654,0.10005405321134338,0.1384662263520081,0.10179479742913582,1.0,0.05448172769581575,0.0921301164593716,0.04425367509014774],[-0.4859456138105251,-0.007642263616042005,-0.11676231598949367,0.09501594269075733,0.22331060024575944,0.1006985769151623,0.08680902210858295,0.04085367069512801,0.10278928506413891,0.3613962960673522,0.2778949607442954,0.05448172769581575,1.0,0.03686285065213149,0.11698123178004514],[-0.069258661205327,-0.16149187214803304,0.07825501560825569,0.08416077511553788,-0.12315585996111314,-0.14827509347164447,-0.07329874986253478,-0.03758883908267051,-0.03893673682972325,0.03016506228960679,-0.1623689825683296,0.0921301164593716,0.03686285065213149,1.0,0.23768111932179414],[-0.03816938667297639,-0.3329037739829107,0.052427550067185955,0.12156973731908027,-0.1764003321438279,-0.007598480069109451,-0.10390799499805503,0.16211054824702384,-0.05682961224059703,0.02678374013432118,-0.16295362332583543,0.04425367509014774,0.11698123178004514,0.23768111932179414,1.0]],"zmax":1,"zmin":-1,"type":"heatmap"},{"colorscale":[[0.0,"rgb(103,0,31)"],[0.1,"rgb(178,24,43)"],[0.2,"rgb(214,96,77)"],[0.3,"rgb(244,165,130)"],[0.4,"rgb(253,219,199)"],[0.5,"rgb(247,247,247)"],[0.6,"rgb(209,229,240)"],[0.7,"rgb(146,197,222)"],[0.8,"rgb(67,147,195)"],[0.9,"rgb(33,102,172)"],[1.0,"rgb(5,48,97)"]],"reversescale":true,"visible":false,"x":["FALL","LACERATION","MOTOR VEHICLE CRASH","CLOSED HEAD INJURY","TRAUMA","FINGER INJURY","ASSAULT VICTIM","ANKLE INJURY","WOUND CHECK","ARM INJURY","HAND INJURY","EXTREMITY LACERATION","FOOT INJURY","WRIST INJURY","SHOULDER INJURY"],"y":["FALL","LACERATION","MOTOR VEHICLE CRASH","CLOSED HEAD INJURY","TRAUMA","FINGER INJURY","ASSAULT VICTIM","ANKLE INJURY","WOUND CHECK","ARM INJURY","HAND INJURY","EXTREMITY LACERATION","FOOT INJURY","WRIST INJURY","SHOULDER INJURY"],"z":[[1.0,-0.5410521187183289,-0.24291195765086354,-0.21672316652286044,-0.5486501810311594,-0.44528134291154875,-0.16142287982503248,-0.09594712011974563,0.22311859373528592,-0.4359905802738177,-0.24503564573099934,-0.2921825070390356,-0.3225990865617462,-0.21739177522466832,-0.16072543206691642],[-0.5410521187183289,1.0,-0.04876120099606649,-0.045108892208582566,0.2597868592768992,0.12630576443265756,0.008467835741400151,0.06321705780082953,-0.32096644893902043,0.2740592235303765,0.058218431022819275,0.09585512386307349,0.043988674821974,0.060029329558151635,0.016497833016864947],[-0.24291195765086354,-0.04876120099606649,1.0,0.032924570130087975,0.008465513906160555,-0.0256079028818568,-0.07937149576942036,-0.005702635952368892,-0.11644553388444967,-0.1500307554005383,-0.10081129887690649,-0.13727920760190834,0.007414133891011311,-0.02017561598081913,0.059005853734064036],[-0.21672316652286044,-0.045108892208582566,0.032924570130087975,1.0,-0.0788143762521477,0.008718001859792804,-0.06750730109414466,0.2522007252624344,-0.2947916551236207,-0.1360170467887055,0.025224891439729193,0.11719430257245121,-0.2845253434888404,0.06080903207237117,0.07134478337968903],[-0.5486501810311594,0.2597868592768992,0.008465513906160555,-0.0788143762521477,1.0,0.25308370716318007,0.1630814650296741,-0.14316180620898908,-0.011950811745289211,0.26167504024454125,0.053687678341769324,0.24611484649055104,0.17619190676066215,-0.08789323283963185,-0.13324260645639235],[-0.44528134291154875,0.12630576443265756,-0.0256079028818568,0.008718001859792804,0.25308370716318007,1.0,-0.16624206751978268,-0.04826706251373646,0.08931173470821525,0.03671218769541252,0.06649713611263869,0.09576602871832543,0.33137126812087564,0.07062823484929065,0.01830129345939493],[-0.16142287982503248,0.008467835741400151,-0.07937149576942036,-0.06750730109414466,0.1630814650296741,-0.16624206751978268,1.0,-0.21155118015348623,-0.12075041817928986,0.028219803307746153,0.006299367303739748,0.19483542957764416,-0.1222151069138896,-0.007632645701793684,-0.2163097629954742],[-0.09594712011974563,0.06321705780082953,-0.005702635952368892,0.2522007252624344,-0.14316180620898908,-0.04826706251373646,-0.21155118015348623,1.0,-0.46248580851563986,0.042528684589319694,0.02857602160598414,-0.20454325443319338,-0.018311928062194727,-0.008169704293085103,0.14923932322646782],[0.22311859373528592,-0.32096644893902043,-0.11644553388444967,-0.2947916551236207,-0.011950811745289211,0.08931173470821525,-0.12075041817928986,-0.46248580851563986,1.0,-0.08350353720580497,-0.10703472092641607,-0.13721567564953716,0.1404563616454091,-0.08596475128602062,-0.043989219440016075],[-0.4359905802738177,0.2740592235303765,-0.1500307554005383,-0.1360170467887055,0.26167504024454125,0.03671218769541252,0.028219803307746153,0.042528684589319694,-0.08350353720580497,1.0,0.09659847457004922,0.07782059192401293,0.3814591624544173,0.10875421163688975,-0.0064697570487241085],[-0.24503564573099934,0.058218431022819275,-0.10081129887690649,0.025224891439729193,0.053687678341769324,0.06649713611263869,0.006299367303739748,0.02857602160598414,-0.10703472092641607,0.09659847457004922,1.0,-0.06043833840204807,0.1521140299196454,-0.16626444572625604,0.12800486393508592],[-0.2921825070390356,0.09585512386307349,-0.13727920760190834,0.11719430257245121,0.24611484649055104,0.09576602871832543,0.19483542957764416,-0.20454325443319338,-0.13721567564953716,0.07782059192401293,-0.06043833840204807,1.0,-0.11411215686518975,0.04918604740287955,-0.21476550131638483],[-0.3225990865617462,0.043988674821974,0.007414133891011311,-0.2845253434888404,0.17619190676066215,0.33137126812087564,-0.1222151069138896,-0.018311928062194727,0.1404563616454091,0.3814591624544173,0.1521140299196454,-0.11411215686518975,1.0,0.05899269847631196,-0.05650338698809301],[-0.21739177522466832,0.060029329558151635,-0.02017561598081913,0.06080903207237117,-0.08789323283963185,0.07062823484929065,-0.007632645701793684,-0.008169704293085103,-0.08596475128602062,0.10875421163688975,-0.16626444572625604,0.04918604740287955,0.05899269847631196,1.0,0.19201845336245318],[-0.16072543206691642,0.016497833016864947,0.059005853734064036,0.07134478337968903,-0.13324260645639235,0.01830129345939493,-0.2163097629954742,0.14923932322646782,-0.043989219440016075,-0.0064697570487241085,0.12800486393508592,-0.21476550131638483,-0.05650338698809301,0.19201845336245318,1.0]],"zmax":1,"zmin":-1,"type":"heatmap"},{"colorscale":[[0.0,"rgb(103,0,31)"],[0.1,"rgb(178,24,43)"],[0.2,"rgb(214,96,77)"],[0.3,"rgb(244,165,130)"],[0.4,"rgb(253,219,199)"],[0.5,"rgb(247,247,247)"],[0.6,"rgb(209,229,240)"],[0.7,"rgb(146,197,222)"],[0.8,"rgb(67,147,195)"],[0.9,"rgb(33,102,172)"],[1.0,"rgb(5,48,97)"]],"reversescale":true,"visible":false,"x":["FALL","LACERATION","MOTOR VEHICLE CRASH","CLOSED HEAD INJURY","TRAUMA","FINGER INJURY","ASSAULT VICTIM","ANKLE INJURY","WOUND CHECK","ARM INJURY","HAND INJURY","EXTREMITY LACERATION","FOOT INJURY","WRIST INJURY","SHOULDER INJURY"],"y":["FALL","LACERATION","MOTOR VEHICLE CRASH","CLOSED HEAD INJURY","TRAUMA","FINGER INJURY","ASSAULT VICTIM","ANKLE INJURY","WOUND CHECK","ARM INJURY","HAND INJURY","EXTREMITY LACERATION","FOOT INJURY","WRIST INJURY","SHOULDER INJURY"],"z":[[1.0,-0.18469197979902932,0.02425955946640683,-0.29787820045235486,-0.4070354055472415,-0.20638518671372344,-0.35805359100443807,-0.3656875368892118,-0.18948473593396584,-0.230720665406912,-0.19913314613290536,-0.5536919582283355,-0.10593699541497104,-0.11426503858877726,0.11404855505035393],[-0.18469197979902932,1.0,-0.19458743313740762,-0.2599215774960287,-0.08202777082769563,0.07413724171964932,-0.21755529514699523,-0.06280477282802871,0.39551536384437075,0.10680203593253261,-0.12617799135988594,-0.2676722357489842,-0.01710800061687188,-0.052831402421785204,-0.2119069157599606],[0.02425955946640683,-0.19458743313740762,1.0,-0.004726950324239076,-0.07121675548562381,-0.019883331434024928,-0.28906816087410625,-0.01844776818157254,-0.22722329766534835,-0.1980673864459525,-0.1338066205506821,-0.11507872451129016,-0.08400135193918103,-0.2322364468841603,0.08989400164830386],[-0.29787820045235486,-0.2599215774960287,-0.004726950324239076,1.0,0.16638332644371326,-0.056584694721360074,0.17451879215555033,0.10465646158094975,-0.13269013826168483,-0.1431732822502587,0.11863659907857753,0.07667099347302656,-0.21465346227576412,-0.06653480757299798,0.019143155036888026],[-0.4070354055472415,-0.08202777082769563,-0.07121675548562381,0.16638332644371326,1.0,0.18722613403644936,-0.053746672049543386,0.041734470371791545,-0.04266723793786798,-0.0001360578438778574,-0.11502557772796933,0.27168110190571876,-0.0068917250696870274,-0.15516308606038515,-0.19884098683690118],[-0.20638518671372344,0.07413724171964932,-0.019883331434024928,-0.056584694721360074,0.18722613403644936,1.0,-0.06578657313169445,-0.03381926691865996,0.018406405758641914,0.1201192360509239,-0.24331377171688925,-0.0704300327709711,-0.08946420304151557,0.0636421790886143,-0.040478932844567606],[-0.35805359100443807,-0.21755529514699523,-0.28906816087410625,0.17451879215555033,-0.053746672049543386,-0.06578657313169445,1.0,0.06402532863310459,0.04694865910474723,0.053622167950160365,0.20163481988852663,0.3254782278277017,0.13629719968633558,0.05493789155716843,-0.10897419082034765],[-0.3656875368892118,-0.06280477282802871,-0.01844776818157254,0.10465646158094975,0.041734470371791545,-0.03381926691865996,0.06402532863310459,1.0,-0.16445418479272772,0.09386817694768496,0.11676864427466321,0.27806125268599236,0.008950858746804674,0.0645898051978609,-0.10701241038000667],[-0.18948473593396584,0.39551536384437075,-0.22722329766534835,-0.13269013826168483,-0.04266723793786798,0.018406405758641914,0.04694865910474723,-0.16445418479272772,1.0,-0.031809414480865016,-0.03810753499597158,-0.21750761835142304,-0.23690928913427212,-0.08808433177033465,-0.10461981028040011],[-0.230720665406912,0.10680203593253261,-0.1980673864459525,-0.1431732822502587,-0.0001360578438778574,0.1201192360509239,0.053622167950160365,0.09386817694768496,-0.031809414480865016,1.0,-0.023218008588875398,0.11695771508652208,0.09826700343431903,0.06560714548141755,-0.08763068335367215],[-0.19913314613290536,-0.12617799135988594,-0.1338066205506821,0.11863659907857753,-0.11502557772796933,-0.24331377171688925,0.20163481988852663,0.11676864427466321,-0.03810753499597158,-0.023218008588875398,1.0,0.11736304090012714,0.18368343617802171,0.29590252618619073,-0.09507092795778357],[-0.5536919582283355,-0.2676722357489842,-0.11507872451129016,0.07667099347302656,0.27168110190571876,-0.0704300327709711,0.3254782278277017,0.27806125268599236,-0.21750761835142304,0.11695771508652208,0.11736304090012714,1.0,0.1461405711747484,0.12272780542856307,-0.06529301135297144],[-0.10593699541497104,-0.01710800061687188,-0.08400135193918103,-0.21465346227576412,-0.0068917250696870274,-0.08946420304151557,0.13629719968633558,0.008950858746804674,-0.23690928913427212,0.09826700343431903,0.18368343617802171,0.1461405711747484,1.0,0.08464991019275535,-0.057804744921107876],[-0.11426503858877726,-0.052831402421785204,-0.2322364468841603,-0.06653480757299798,-0.15516308606038515,0.0636421790886143,0.05493789155716843,0.0645898051978609,-0.08808433177033465,0.06560714548141755,0.29590252618619073,0.12272780542856307,0.08464991019275535,1.0,0.09467198998090791],[0.11404855505035393,-0.2119069157599606,0.08989400164830386,0.019143155036888026,-0.19884098683690118,-0.040478932844567606,-0.10897419082034765,-0.10701241038000667,-0.10461981028040011,-0.08763068335367215,-0.09507092795778357,-0.06529301135297144,-0.057804744921107876,0.09467198998090791,1.0]],"zmax":1,"zmin":-1,"type":"heatmap"}],                        {"template":{"data":{"histogram2dcontour":[{"type":"histogram2dcontour","colorbar":{"outlinewidth":0,"ticks":""},"colorscale":[[0.0,"#0d0887"],[0.1111111111111111,"#46039f"],[0.2222222222222222,"#7201a8"],[0.3333333333333333,"#9c179e"],[0.4444444444444444,"#bd3786"],[0.5555555555555556,"#d8576b"],[0.6666666666666666,"#ed7953"],[0.7777777777777778,"#fb9f3a"],[0.8888888888888888,"#fdca26"],[1.0,"#f0f921"]]}],"choropleth":[{"type":"choropleth","colorbar":{"outlinewidth":0,"ticks":""}}],"histogram2d":[{"type":"histogram2d","colorbar":{"outlinewidth":0,"ticks":""},"colorscale":[[0.0,"#0d0887"],[0.1111111111111111,"#46039f"],[0.2222222222222222,"#7201a8"],[0.3333333333333333,"#9c179e"],[0.4444444444444444,"#bd3786"],[0.5555555555555556,"#d8576b"],[0.6666666666666666,"#ed7953"],[0.7777777777777778,"#fb9f3a"],[0.8888888888888888,"#fdca26"],[1.0,"#f0f921"]]}],"heatmap":[{"type":"heatmap","colorbar":{"outlinewidth":0,"ticks":""},"colorscale":[[0.0,"#0d0887"],[0.1111111111111111,"#46039f"],[0.2222222222222222,"#7201a8"],[0.3333333333333333,"#9c179e"],[0.4444444444444444,"#bd3786"],[0.5555555555555556,"#d8576b"],[0.6666666666666666,"#ed7953"],[0.7777777777777778,"#fb9f3a"],[0.8888888888888888,"#fdca26"],[1.0,"#f0f921"]]}],"heatmapgl":[{"type":"heatmapgl","colorbar":{"outlinewidth":0,"ticks":""},"colorscale":[[0.0,"#0d0887"],[0.1111111111111111,"#46039f"],[0.2222222222222222,"#7201a8"],[0.3333333333333333,"#9c179e"],[0.4444444444444444,"#bd3786"],[0.5555555555555556,"#d8576b"],[0.6666666666666666,"#ed7953"],[0.7777777777777778,"#fb9f3a"],[0.8888888888888888,"#fdca26"],[1.0,"#f0f921"]]}],"contourcarpet":[{"type":"contourcarpet","colorbar":{"outlinewidth":0,"ticks":""}}],"contour":[{"type":"contour","colorbar":{"outlinewidth":0,"ticks":""},"colorscale":[[0.0,"#0d0887"],[0.1111111111111111,"#46039f"],[0.2222222222222222,"#7201a8"],[0.3333333333333333,"#9c179e"],[0.4444444444444444,"#bd3786"],[0.5555555555555556,"#d8576b"],[0.6666666666666666,"#ed7953"],[0.7777777777777778,"#fb9f3a"],[0.8888888888888888,"#fdca26"],[1.0,"#f0f921"]]}],"surface":[{"type":"surface","colorbar":{"outlinewidth":0,"ticks":""},"colorscale":[[0.0,"#0d0887"],[0.1111111111111111,"#46039f"],[0.2222222222222222,"#7201a8"],[0.3333333333333333,"#9c179e"],[0.4444444444444444,"#bd3786"],[0.5555555555555556,"#d8576b"],[0.6666666666666666,"#ed7953"],[0.7777777777777778,"#fb9f3a"],[0.8888888888888888,"#fdca26"],[1.0,"#f0f921"]]}],"mesh3d":[{"type":"mesh3d","colorbar":{"outlinewidth":0,"ticks":""}}],"scatter":[{"fillpattern":{"fillmode":"overlay","size":10,"solidity":0.2},"type":"scatter"}],"parcoords":[{"type":"parcoords","line":{"colorbar":{"outlinewidth":0,"ticks":""}}}],"scatterpolargl":[{"type":"scatterpolargl","marker":{"colorbar":{"outlinewidth":0,"ticks":""}}}],"bar":[{"error_x":{"color":"#2a3f5f"},"error_y":{"color":"#2a3f5f"},"marker":{"line":{"color":"#E5ECF6","width":0.5},"pattern":{"fillmode":"overlay","size":10,"solidity":0.2}},"type":"bar"}],"scattergeo":[{"type":"scattergeo","marker":{"colorbar":{"outlinewidth":0,"ticks":""}}}],"scatterpolar":[{"type":"scatterpolar","marker":{"colorbar":{"outlinewidth":0,"ticks":""}}}],"histogram":[{"marker":{"pattern":{"fillmode":"overlay","size":10,"solidity":0.2}},"type":"histogram"}],"scattergl":[{"type":"scattergl","marker":{"colorbar":{"outlinewidth":0,"ticks":""}}}],"scatter3d":[{"type":"scatter3d","line":{"colorbar":{"outlinewidth":0,"ticks":""}},"marker":{"colorbar":{"outlinewidth":0,"ticks":""}}}],"scattermapbox":[{"type":"scattermapbox","marker":{"colorbar":{"outlinewidth":0,"ticks":""}}}],"scatterternary":[{"type":"scatterternary","marker":{"colorbar":{"outlinewidth":0,"ticks":""}}}],"scattercarpet":[{"type":"scattercarpet","marker":{"colorbar":{"outlinewidth":0,"ticks":""}}}],"carpet":[{"aaxis":{"endlinecolor":"#2a3f5f","gridcolor":"white","linecolor":"white","minorgridcolor":"white","startlinecolor":"#2a3f5f"},"baxis":{"endlinecolor":"#2a3f5f","gridcolor":"white","linecolor":"white","minorgridcolor":"white","startlinecolor":"#2a3f5f"},"type":"carpet"}],"table":[{"cells":{"fill":{"color":"#EBF0F8"},"line":{"color":"white"}},"header":{"fill":{"color":"#C8D4E3"},"line":{"color":"white"}},"type":"table"}],"barpolar":[{"marker":{"line":{"color":"#E5ECF6","width":0.5},"pattern":{"fillmode":"overlay","size":10,"solidity":0.2}},"type":"barpolar"}],"pie":[{"automargin":true,"type":"pie"}]},"layout":{"autotypenumbers":"strict","colorway":["#636efa","#EF553B","#00cc96","#ab63fa","#FFA15A","#19d3f3","#FF6692","#B6E880","#FF97FF","#FECB52"],"font":{"color":"#2a3f5f"},"hovermode":"closest","hoverlabel":{"align":"left"},"paper_bgcolor":"white","plot_bgcolor":"#E5ECF6","polar":{"bgcolor":"#E5ECF6","angularaxis":{"gridcolor":"white","linecolor":"white","ticks":""},"radialaxis":{"gridcolor":"white","linecolor":"white","ticks":""}},"ternary":{"bgcolor":"#E5ECF6","aaxis":{"gridcolor":"white","linecolor":"white","ticks":""},"baxis":{"gridcolor":"white","linecolor":"white","ticks":""},"caxis":{"gridcolor":"white","linecolor":"white","ticks":""}},"coloraxis":{"colorbar":{"outlinewidth":0,"ticks":""}},"colorscale":{"sequential":[[0.0,"#0d0887"],[0.1111111111111111,"#46039f"],[0.2222222222222222,"#7201a8"],[0.3333333333333333,"#9c179e"],[0.4444444444444444,"#bd3786"],[0.5555555555555556,"#d8576b"],[0.6666666666666666,"#ed7953"],[0.7777777777777778,"#fb9f3a"],[0.8888888888888888,"#fdca26"],[1.0,"#f0f921"]],"sequentialminus":[[0.0,"#0d0887"],[0.1111111111111111,"#46039f"],[0.2222222222222222,"#7201a8"],[0.3333333333333333,"#9c179e"],[0.4444444444444444,"#bd3786"],[0.5555555555555556,"#d8576b"],[0.6666666666666666,"#ed7953"],[0.7777777777777778,"#fb9f3a"],[0.8888888888888888,"#fdca26"],[1.0,"#f0f921"]],"diverging":[[0,"#8e0152"],[0.1,"#c51b7d"],[0.2,"#de77ae"],[0.3,"#f1b6da"],[0.4,"#fde0ef"],[0.5,"#f7f7f7"],[0.6,"#e6f5d0"],[0.7,"#b8e186"],[0.8,"#7fbc41"],[0.9,"#4d9221"],[1,"#276419"]]},"xaxis":{"gridcolor":"white","linecolor":"white","ticks":"","title":{"standoff":15},"zerolinecolor":"white","automargin":true,"zerolinewidth":2},"yaxis":{"gridcolor":"white","linecolor":"white","ticks":"","title":{"standoff":15},"zerolinecolor":"white","automargin":true,"zerolinewidth":2},"scene":{"xaxis":{"backgroundcolor":"#E5ECF6","gridcolor":"white","linecolor":"white","showbackground":true,"ticks":"","zerolinecolor":"white","gridwidth":2},"yaxis":{"backgroundcolor":"#E5ECF6","gridcolor":"white","linecolor":"white","showbackground":true,"ticks":"","zerolinecolor":"white","gridwidth":2},"zaxis":{"backgroundcolor":"#E5ECF6","gridcolor":"white","linecolor":"white","showbackground":true,"ticks":"","zerolinecolor":"white","gridwidth":2}},"shapedefaults":{"line":{"color":"#2a3f5f"}},"annotationdefaults":{"arrowcolor":"#2a3f5f","arrowhead":0,"arrowwidth":1},"geo":{"bgcolor":"white","landcolor":"#E5ECF6","subunitcolor":"white","showland":true,"showlakes":true,"lakecolor":"white"},"title":{"x":0.05},"mapbox":{"style":"light"}}},"margin":{"l":80,"r":40,"t":120,"b":80},"title":{"text":"Injury-Type Correlation by Site over Year-Month (based on monthly share of injury encounters) \u2014 Site A"},"updatemenus":[{"buttons":[{"args":[{"visible":[true,false,false,false]},{"title":"Injury-Type Correlation by Site over Year-Month (based on monthly share of injury encounters) \u2014 Site A"}],"label":"Site A","method":"update"},{"args":[{"visible":[false,true,false,false]},{"title":"Injury-Type Correlation by Site over Year-Month (based on monthly share of injury encounters) \u2014 Site B"}],"label":"Site B","method":"update"},{"args":[{"visible":[false,false,true,false]},{"title":"Injury-Type Correlation by Site over Year-Month (based on monthly share of injury encounters) \u2014 Site C"}],"label":"Site C","method":"update"},{"args":[{"visible":[false,false,false,true]},{"title":"Injury-Type Correlation by Site over Year-Month (based on monthly share of injury encounters) \u2014 Site D"}],"label":"Site D","method":"update"}],"type":"dropdown","x":0.01,"xanchor":"left","y":1.08,"yanchor":"top"}],"height":900,"width":950},                        {"responsive": true}                    )                };                            </script>        </div>
</body>
</html>